0 42
cam
0
pos
0
42(-0.15837265007067258, -0.1616781854478734)
[[[ 1577.   928.]
  [ 1557.   769.]
  [ 1733.   766.]
  [ 1742.   925.]]]
1 55
cam
0
pos
1
55(-0.12994935773776464, -0.18459261521688664)
[[[ 1555.   739.]
  [ 1539.   620.]
  [ 1664.   617.]
  [ 1673.   735.]]]
entre tag42 et tag42 est de 0.0cm
entre tag42 et tag55 est de 2.372231331605517cm
0 42
cam
0
pos
0
42(-0.15954453258327983, -0.16324660401114205)
[[[ 1577.   929.]
  [ 1558.   768.]
  [ 1732.   766.]
  [ 1742.   923.]]]
1 55
cam
0
pos
1
55(-0.13012922672565833, -0.18482934425267059)
[[[ 1553.   737.]
  [ 1539.   619.]
  [ 1664.   617.]
  [ 1672.   734.]]]
2 42
cam
0
pos
